x: -1.258503
noise: 0.100000
loss: -0.079082
