x: 1.703576
noise: 0.100000
loss: 0.263716
