x: -1.499651
noise: 0.100000
loss: -0.123238
