x: 2.000000
noise: 0.400000
loss: -0.175542
