x: -1.417448
noise: 0.100000
loss: -0.044712
