x: -1.562852
noise: 0.100000
loss: 0.000470
