x: 3.000000
noise: 0.400000
loss: -0.208526
