x: 1.907231
noise: 0.100000
loss: -0.100406
