x: -2.000000
noise: 0.100000
loss: -0.170489
