x: -1.658147
noise: 0.100000
loss: -0.189196
