x: -1.670093
noise: 0.100000
loss: 0.012316
