x: -0.794106
noise: 0.100000
loss: 0.292047
