x: 1.666162
noise: 0.100000
loss: -0.059754
