x: 0.336682
noise: 0.100000
loss: 0.757235
