x: 1.406719
noise: 0.100000
loss: 0.007438
