x: 1.000000
noise: 0.400000
loss: 0.486868
